691 819
2 64 64
1 64
2 1 63 127 376 XOR
2 1 62 126 375 XOR
2 1 61 125 374 XOR
2 1 60 124 373 XOR
2 1 59 123 372 XOR
2 1 58 122 371 XOR
2 1 57 121 370 XOR
2 1 56 120 369 XOR
2 1 55 119 368 XOR
2 1 54 118 367 XOR
2 1 53 117 366 XOR
2 1 52 116 365 XOR
2 1 51 115 364 XOR
2 1 50 114 363 XOR
2 1 49 113 362 XOR
2 1 48 112 361 XOR
2 1 47 111 360 XOR
2 1 46 110 359 XOR
2 1 45 109 358 XOR
2 1 44 108 357 XOR
2 1 43 107 356 XOR
2 1 42 106 355 XOR
2 1 41 105 354 XOR
2 1 40 104 353 XOR
2 1 39 103 352 XOR
2 1 38 102 351 XOR
2 1 37 101 350 XOR
2 1 36 100 349 XOR
2 1 35 99 348 XOR
2 1 34 98 347 XOR
2 1 33 97 346 XOR
2 1 32 96 345 XOR
2 1 31 95 344 XOR
2 1 30 94 343 XOR
2 1 29 93 342 XOR
2 1 28 92 341 XOR
2 1 27 91 340 XOR
2 1 26 90 339 XOR
2 1 25 89 338 XOR
2 1 24 88 337 XOR
2 1 23 87 336 XOR
2 1 22 86 335 XOR
2 1 21 85 334 XOR
2 1 20 84 333 XOR
2 1 19 83 332 XOR
2 1 18 82 331 XOR
2 1 17 81 330 XOR
2 1 16 80 329 XOR
2 1 15 79 328 XOR
2 1 14 78 327 XOR
2 1 13 77 326 XOR
2 1 12 76 325 XOR
2 1 11 75 324 XOR
2 1 10 74 323 XOR
2 1 9 73 322 XOR
2 1 8 72 321 XOR
2 1 7 71 320 XOR
2 1 6 70 319 XOR
2 1 5 69 318 XOR
2 1 4 68 317 XOR
2 1 3 67 316 XOR
2 1 2 66 315 XOR
2 1 1 65 314 XOR
2 1 0 64 440 XOR
0 1 505 CONST_ONE
2 1 64 505 504 XOR
0 1 506 CONST_ZERO
2 1 0 64 507 BUFFER
2 1 506 504 508 BUFFER
2 1 507 508 377 JOIN
2 1 65 377 129 XOR
2 1 1 377 128 XOR
0 1 510 CONST_ONE
2 1 129 510 509 XOR
0 1 511 CONST_ZERO
2 1 128 129 512 BUFFER
2 1 511 509 513 BUFFER
2 1 512 513 130 JOIN
2 1 130 377 378 XOR
2 1 66 378 132 XOR
2 1 2 378 131 XOR
0 1 515 CONST_ONE
2 1 132 515 514 XOR
0 1 516 CONST_ZERO
2 1 131 132 517 BUFFER
2 1 516 514 518 BUFFER
2 1 517 518 133 JOIN
2 1 133 378 379 XOR
2 1 67 379 135 XOR
2 1 3 379 134 XOR
0 1 520 CONST_ONE
2 1 135 520 519 XOR
0 1 521 CONST_ZERO
2 1 134 135 522 BUFFER
2 1 521 519 523 BUFFER
2 1 522 523 136 JOIN
2 1 136 379 380 XOR
2 1 68 380 138 XOR
2 1 4 380 137 XOR
0 1 525 CONST_ONE
2 1 138 525 524 XOR
0 1 526 CONST_ZERO
2 1 137 138 527 BUFFER
2 1 526 524 528 BUFFER
2 1 527 528 139 JOIN
2 1 139 380 381 XOR
2 1 69 381 141 XOR
2 1 5 381 140 XOR
0 1 530 CONST_ONE
2 1 141 530 529 XOR
0 1 531 CONST_ZERO
2 1 140 141 532 BUFFER
2 1 531 529 533 BUFFER
2 1 532 533 142 JOIN
2 1 142 381 382 XOR
2 1 70 382 144 XOR
2 1 6 382 143 XOR
0 1 535 CONST_ONE
2 1 144 535 534 XOR
0 1 536 CONST_ZERO
2 1 143 144 537 BUFFER
2 1 536 534 538 BUFFER
2 1 537 538 145 JOIN
2 1 145 382 383 XOR
2 1 71 383 147 XOR
2 1 7 383 146 XOR
0 1 540 CONST_ONE
2 1 147 540 539 XOR
0 1 541 CONST_ZERO
2 1 146 147 542 BUFFER
2 1 541 539 543 BUFFER
2 1 542 543 148 JOIN
2 1 148 383 384 XOR
2 1 72 384 150 XOR
2 1 8 384 149 XOR
0 1 545 CONST_ONE
2 1 150 545 544 XOR
0 1 546 CONST_ZERO
2 1 149 150 547 BUFFER
2 1 546 544 548 BUFFER
2 1 547 548 151 JOIN
2 1 151 384 385 XOR
2 1 73 385 153 XOR
2 1 9 385 152 XOR
0 1 550 CONST_ONE
2 1 153 550 549 XOR
0 1 551 CONST_ZERO
2 1 152 153 552 BUFFER
2 1 551 549 553 BUFFER
2 1 552 553 154 JOIN
2 1 154 385 386 XOR
2 1 74 386 156 XOR
2 1 10 386 155 XOR
0 1 555 CONST_ONE
2 1 156 555 554 XOR
0 1 556 CONST_ZERO
2 1 155 156 557 BUFFER
2 1 556 554 558 BUFFER
2 1 557 558 157 JOIN
2 1 157 386 387 XOR
2 1 75 387 159 XOR
2 1 11 387 158 XOR
0 1 560 CONST_ONE
2 1 159 560 559 XOR
0 1 561 CONST_ZERO
2 1 158 159 562 BUFFER
2 1 561 559 563 BUFFER
2 1 562 563 160 JOIN
2 1 160 387 388 XOR
2 1 76 388 162 XOR
2 1 12 388 161 XOR
0 1 565 CONST_ONE
2 1 162 565 564 XOR
0 1 566 CONST_ZERO
2 1 161 162 567 BUFFER
2 1 566 564 568 BUFFER
2 1 567 568 163 JOIN
2 1 163 388 389 XOR
2 1 77 389 165 XOR
2 1 13 389 164 XOR
0 1 570 CONST_ONE
2 1 165 570 569 XOR
0 1 571 CONST_ZERO
2 1 164 165 572 BUFFER
2 1 571 569 573 BUFFER
2 1 572 573 166 JOIN
2 1 166 389 390 XOR
2 1 78 390 168 XOR
2 1 14 390 167 XOR
0 1 575 CONST_ONE
2 1 168 575 574 XOR
0 1 576 CONST_ZERO
2 1 167 168 577 BUFFER
2 1 576 574 578 BUFFER
2 1 577 578 169 JOIN
2 1 169 390 391 XOR
2 1 79 391 171 XOR
2 1 15 391 170 XOR
0 1 580 CONST_ONE
2 1 171 580 579 XOR
0 1 581 CONST_ZERO
2 1 170 171 582 BUFFER
2 1 581 579 583 BUFFER
2 1 582 583 172 JOIN
2 1 172 391 392 XOR
2 1 80 392 174 XOR
2 1 16 392 173 XOR
0 1 585 CONST_ONE
2 1 174 585 584 XOR
0 1 586 CONST_ZERO
2 1 173 174 587 BUFFER
2 1 586 584 588 BUFFER
2 1 587 588 175 JOIN
2 1 175 392 393 XOR
2 1 81 393 177 XOR
2 1 17 393 176 XOR
0 1 590 CONST_ONE
2 1 177 590 589 XOR
0 1 591 CONST_ZERO
2 1 176 177 592 BUFFER
2 1 591 589 593 BUFFER
2 1 592 593 178 JOIN
2 1 178 393 394 XOR
2 1 82 394 180 XOR
2 1 18 394 179 XOR
0 1 595 CONST_ONE
2 1 180 595 594 XOR
0 1 596 CONST_ZERO
2 1 179 180 597 BUFFER
2 1 596 594 598 BUFFER
2 1 597 598 181 JOIN
2 1 181 394 395 XOR
2 1 83 395 183 XOR
2 1 19 395 182 XOR
0 1 600 CONST_ONE
2 1 183 600 599 XOR
0 1 601 CONST_ZERO
2 1 182 183 602 BUFFER
2 1 601 599 603 BUFFER
2 1 602 603 184 JOIN
2 1 184 395 396 XOR
2 1 84 396 186 XOR
2 1 20 396 185 XOR
0 1 605 CONST_ONE
2 1 186 605 604 XOR
0 1 606 CONST_ZERO
2 1 185 186 607 BUFFER
2 1 606 604 608 BUFFER
2 1 607 608 187 JOIN
2 1 187 396 397 XOR
2 1 85 397 189 XOR
2 1 21 397 188 XOR
0 1 610 CONST_ONE
2 1 189 610 609 XOR
0 1 611 CONST_ZERO
2 1 188 189 612 BUFFER
2 1 611 609 613 BUFFER
2 1 612 613 190 JOIN
2 1 190 397 398 XOR
2 1 86 398 192 XOR
2 1 22 398 191 XOR
0 1 615 CONST_ONE
2 1 192 615 614 XOR
0 1 616 CONST_ZERO
2 1 191 192 617 BUFFER
2 1 616 614 618 BUFFER
2 1 617 618 193 JOIN
2 1 193 398 399 XOR
2 1 87 399 195 XOR
2 1 23 399 194 XOR
0 1 620 CONST_ONE
2 1 195 620 619 XOR
0 1 621 CONST_ZERO
2 1 194 195 622 BUFFER
2 1 621 619 623 BUFFER
2 1 622 623 196 JOIN
2 1 196 399 400 XOR
2 1 88 400 198 XOR
2 1 24 400 197 XOR
0 1 625 CONST_ONE
2 1 198 625 624 XOR
0 1 626 CONST_ZERO
2 1 197 198 627 BUFFER
2 1 626 624 628 BUFFER
2 1 627 628 199 JOIN
2 1 199 400 401 XOR
2 1 89 401 201 XOR
2 1 25 401 200 XOR
0 1 630 CONST_ONE
2 1 201 630 629 XOR
0 1 631 CONST_ZERO
2 1 200 201 632 BUFFER
2 1 631 629 633 BUFFER
2 1 632 633 202 JOIN
2 1 202 401 402 XOR
2 1 90 402 204 XOR
2 1 26 402 203 XOR
0 1 635 CONST_ONE
2 1 204 635 634 XOR
0 1 636 CONST_ZERO
2 1 203 204 637 BUFFER
2 1 636 634 638 BUFFER
2 1 637 638 205 JOIN
2 1 205 402 403 XOR
2 1 91 403 207 XOR
2 1 27 403 206 XOR
0 1 640 CONST_ONE
2 1 207 640 639 XOR
0 1 641 CONST_ZERO
2 1 206 207 642 BUFFER
2 1 641 639 643 BUFFER
2 1 642 643 208 JOIN
2 1 208 403 404 XOR
2 1 341 404 468 XOR
2 1 92 404 210 XOR
2 1 28 404 209 XOR
0 1 645 CONST_ONE
2 1 210 645 644 XOR
0 1 646 CONST_ZERO
2 1 209 210 647 BUFFER
2 1 646 644 648 BUFFER
2 1 647 648 211 JOIN
2 1 211 404 405 XOR
2 1 342 405 469 XOR
2 1 340 403 467 XOR
2 1 93 405 213 XOR
2 1 29 405 212 XOR
0 1 650 CONST_ONE
2 1 213 650 649 XOR
0 1 651 CONST_ZERO
2 1 212 213 652 BUFFER
2 1 651 649 653 BUFFER
2 1 652 653 214 JOIN
2 1 214 405 406 XOR
2 1 343 406 470 XOR
2 1 339 402 466 XOR
2 1 94 406 216 XOR
2 1 30 406 215 XOR
0 1 655 CONST_ONE
2 1 216 655 654 XOR
0 1 656 CONST_ZERO
2 1 215 216 657 BUFFER
2 1 656 654 658 BUFFER
2 1 657 658 217 JOIN
2 1 217 406 407 XOR
2 1 338 401 465 XOR
2 1 31 407 218 XOR
2 1 344 407 471 XOR
2 1 337 400 464 XOR
2 1 95 407 219 XOR
0 1 660 CONST_ONE
2 1 219 660 659 XOR
0 1 661 CONST_ZERO
2 1 218 219 662 BUFFER
2 1 661 659 663 BUFFER
2 1 662 663 220 JOIN
2 1 220 407 408 XOR
2 1 345 408 472 XOR
2 1 336 399 463 XOR
2 1 96 408 222 XOR
2 1 32 408 221 XOR
0 1 665 CONST_ONE
2 1 222 665 664 XOR
0 1 666 CONST_ZERO
2 1 221 222 667 BUFFER
2 1 666 664 668 BUFFER
2 1 667 668 223 JOIN
2 1 223 408 409 XOR
2 1 346 409 473 XOR
2 1 335 398 462 XOR
2 1 97 409 225 XOR
2 1 33 409 224 XOR
0 1 670 CONST_ONE
2 1 225 670 669 XOR
0 1 671 CONST_ZERO
2 1 224 225 672 BUFFER
2 1 671 669 673 BUFFER
2 1 672 673 226 JOIN
2 1 226 409 410 XOR
2 1 347 410 474 XOR
2 1 334 397 461 XOR
2 1 98 410 228 XOR
2 1 34 410 227 XOR
0 1 675 CONST_ONE
2 1 228 675 674 XOR
0 1 676 CONST_ZERO
2 1 227 228 677 BUFFER
2 1 676 674 678 BUFFER
2 1 677 678 229 JOIN
2 1 229 410 411 XOR
2 1 333 396 460 XOR
2 1 35 411 230 XOR
2 1 348 411 475 XOR
2 1 332 395 459 XOR
2 1 99 411 231 XOR
0 1 680 CONST_ONE
2 1 231 680 679 XOR
0 1 681 CONST_ZERO
2 1 230 231 682 BUFFER
2 1 681 679 683 BUFFER
2 1 682 683 232 JOIN
2 1 232 411 412 XOR
2 1 349 412 476 XOR
2 1 331 394 458 XOR
2 1 100 412 234 XOR
2 1 36 412 233 XOR
0 1 685 CONST_ONE
2 1 234 685 684 XOR
0 1 686 CONST_ZERO
2 1 233 234 687 BUFFER
2 1 686 684 688 BUFFER
2 1 687 688 235 JOIN
2 1 235 412 413 XOR
2 1 350 413 477 XOR
2 1 330 393 457 XOR
2 1 101 413 237 XOR
2 1 37 413 236 XOR
0 1 690 CONST_ONE
2 1 237 690 689 XOR
0 1 691 CONST_ZERO
2 1 236 237 692 BUFFER
2 1 691 689 693 BUFFER
2 1 692 693 238 JOIN
2 1 238 413 414 XOR
2 1 351 414 478 XOR
2 1 329 392 456 XOR
2 1 102 414 240 XOR
2 1 38 414 239 XOR
0 1 695 CONST_ONE
2 1 240 695 694 XOR
0 1 696 CONST_ZERO
2 1 239 240 697 BUFFER
2 1 696 694 698 BUFFER
2 1 697 698 241 JOIN
2 1 241 414 415 XOR
2 1 328 391 455 XOR
2 1 39 415 242 XOR
2 1 352 415 479 XOR
2 1 327 390 454 XOR
2 1 103 415 243 XOR
0 1 700 CONST_ONE
2 1 243 700 699 XOR
0 1 701 CONST_ZERO
2 1 242 243 702 BUFFER
2 1 701 699 703 BUFFER
2 1 702 703 244 JOIN
2 1 244 415 416 XOR
2 1 353 416 480 XOR
2 1 326 389 453 XOR
2 1 104 416 246 XOR
2 1 40 416 245 XOR
0 1 705 CONST_ONE
2 1 246 705 704 XOR
0 1 706 CONST_ZERO
2 1 245 246 707 BUFFER
2 1 706 704 708 BUFFER
2 1 707 708 247 JOIN
2 1 247 416 417 XOR
2 1 354 417 481 XOR
2 1 325 388 452 XOR
2 1 105 417 249 XOR
2 1 41 417 248 XOR
0 1 710 CONST_ONE
2 1 249 710 709 XOR
0 1 711 CONST_ZERO
2 1 248 249 712 BUFFER
2 1 711 709 713 BUFFER
2 1 712 713 250 JOIN
2 1 250 417 418 XOR
2 1 355 418 482 XOR
2 1 324 387 451 XOR
2 1 106 418 252 XOR
2 1 42 418 251 XOR
0 1 715 CONST_ONE
2 1 252 715 714 XOR
0 1 716 CONST_ZERO
2 1 251 252 717 BUFFER
2 1 716 714 718 BUFFER
2 1 717 718 253 JOIN
2 1 253 418 419 XOR
2 1 323 386 450 XOR
2 1 43 419 254 XOR
2 1 356 419 483 XOR
2 1 322 385 449 XOR
2 1 107 419 255 XOR
0 1 720 CONST_ONE
2 1 255 720 719 XOR
0 1 721 CONST_ZERO
2 1 254 255 722 BUFFER
2 1 721 719 723 BUFFER
2 1 722 723 256 JOIN
2 1 256 419 420 XOR
2 1 357 420 484 XOR
2 1 321 384 448 XOR
2 1 108 420 258 XOR
2 1 44 420 257 XOR
0 1 725 CONST_ONE
2 1 258 725 724 XOR
0 1 726 CONST_ZERO
2 1 257 258 727 BUFFER
2 1 726 724 728 BUFFER
2 1 727 728 259 JOIN
2 1 259 420 421 XOR
2 1 358 421 485 XOR
2 1 320 383 447 XOR
2 1 109 421 261 XOR
2 1 45 421 260 XOR
0 1 730 CONST_ONE
2 1 261 730 729 XOR
0 1 731 CONST_ZERO
2 1 260 261 732 BUFFER
2 1 731 729 733 BUFFER
2 1 732 733 262 JOIN
2 1 262 421 422 XOR
2 1 359 422 486 XOR
2 1 319 382 446 XOR
2 1 110 422 264 XOR
2 1 46 422 263 XOR
0 1 735 CONST_ONE
2 1 264 735 734 XOR
0 1 736 CONST_ZERO
2 1 263 264 737 BUFFER
2 1 736 734 738 BUFFER
2 1 737 738 265 JOIN
2 1 265 422 423 XOR
2 1 318 381 445 XOR
2 1 47 423 266 XOR
2 1 360 423 487 XOR
2 1 317 380 444 XOR
2 1 111 423 267 XOR
0 1 740 CONST_ONE
2 1 267 740 739 XOR
0 1 741 CONST_ZERO
2 1 266 267 742 BUFFER
2 1 741 739 743 BUFFER
2 1 742 743 268 JOIN
2 1 268 423 424 XOR
2 1 361 424 488 XOR
2 1 316 379 443 XOR
2 1 112 424 270 XOR
2 1 48 424 269 XOR
0 1 745 CONST_ONE
2 1 270 745 744 XOR
0 1 746 CONST_ZERO
2 1 269 270 747 BUFFER
2 1 746 744 748 BUFFER
2 1 747 748 271 JOIN
2 1 271 424 425 XOR
2 1 362 425 489 XOR
2 1 315 378 442 XOR
2 1 113 425 273 XOR
2 1 49 425 272 XOR
0 1 750 CONST_ONE
2 1 273 750 749 XOR
0 1 751 CONST_ZERO
2 1 272 273 752 BUFFER
2 1 751 749 753 BUFFER
2 1 752 753 274 JOIN
2 1 274 425 426 XOR
2 1 363 426 490 XOR
2 1 314 377 441 XOR
2 1 114 426 276 XOR
2 1 50 426 275 XOR
0 1 755 CONST_ONE
2 1 276 755 754 XOR
0 1 756 CONST_ZERO
2 1 275 276 757 BUFFER
2 1 756 754 758 BUFFER
2 1 757 758 277 JOIN
2 1 277 426 427 XOR
2 1 115 427 279 XOR
2 1 51 427 278 XOR
0 1 760 CONST_ONE
2 1 279 760 759 XOR
0 1 761 CONST_ZERO
2 1 278 279 762 BUFFER
2 1 761 759 763 BUFFER
2 1 762 763 280 JOIN
2 1 280 427 428 XOR
2 1 116 428 282 XOR
2 1 52 428 281 XOR
0 1 765 CONST_ONE
2 1 282 765 764 XOR
0 1 766 CONST_ZERO
2 1 281 282 767 BUFFER
2 1 766 764 768 BUFFER
2 1 767 768 283 JOIN
2 1 283 428 429 XOR
2 1 117 429 285 XOR
2 1 53 429 284 XOR
0 1 770 CONST_ONE
2 1 285 770 769 XOR
0 1 771 CONST_ZERO
2 1 284 285 772 BUFFER
2 1 771 769 773 BUFFER
2 1 772 773 286 JOIN
2 1 286 429 430 XOR
2 1 118 430 288 XOR
2 1 54 430 287 XOR
0 1 775 CONST_ONE
2 1 288 775 774 XOR
0 1 776 CONST_ZERO
2 1 287 288 777 BUFFER
2 1 776 774 778 BUFFER
2 1 777 778 289 JOIN
2 1 289 430 431 XOR
2 1 119 431 291 XOR
2 1 55 431 290 XOR
0 1 780 CONST_ONE
2 1 291 780 779 XOR
0 1 781 CONST_ZERO
2 1 290 291 782 BUFFER
2 1 781 779 783 BUFFER
2 1 782 783 292 JOIN
2 1 292 431 432 XOR
2 1 120 432 294 XOR
2 1 56 432 293 XOR
0 1 785 CONST_ONE
2 1 294 785 784 XOR
0 1 786 CONST_ZERO
2 1 293 294 787 BUFFER
2 1 786 784 788 BUFFER
2 1 787 788 295 JOIN
2 1 295 432 433 XOR
2 1 370 433 497 XOR
2 1 121 433 297 XOR
2 1 57 433 296 XOR
0 1 790 CONST_ONE
2 1 297 790 789 XOR
0 1 791 CONST_ZERO
2 1 296 297 792 BUFFER
2 1 791 789 793 BUFFER
2 1 792 793 298 JOIN
2 1 298 433 434 XOR
2 1 371 434 498 XOR
2 1 369 432 496 XOR
2 1 122 434 300 XOR
2 1 58 434 299 XOR
0 1 795 CONST_ONE
2 1 300 795 794 XOR
0 1 796 CONST_ZERO
2 1 299 300 797 BUFFER
2 1 796 794 798 BUFFER
2 1 797 798 301 JOIN
2 1 301 434 435 XOR
2 1 372 435 499 XOR
2 1 368 431 495 XOR
2 1 123 435 303 XOR
2 1 59 435 302 XOR
0 1 800 CONST_ONE
2 1 303 800 799 XOR
0 1 801 CONST_ZERO
2 1 302 303 802 BUFFER
2 1 801 799 803 BUFFER
2 1 802 803 304 JOIN
2 1 304 435 436 XOR
2 1 367 430 494 XOR
2 1 60 436 305 XOR
2 1 373 436 500 XOR
2 1 366 429 493 XOR
2 1 124 436 306 XOR
0 1 805 CONST_ONE
2 1 306 805 804 XOR
0 1 806 CONST_ZERO
2 1 305 306 807 BUFFER
2 1 806 804 808 BUFFER
2 1 807 808 307 JOIN
2 1 307 436 437 XOR
2 1 374 437 501 XOR
2 1 365 428 492 XOR
2 1 125 437 309 XOR
2 1 61 437 308 XOR
0 1 810 CONST_ONE
2 1 309 810 809 XOR
0 1 811 CONST_ZERO
2 1 308 309 812 BUFFER
2 1 811 809 813 BUFFER
2 1 812 813 310 JOIN
2 1 310 437 438 XOR
2 1 375 438 502 XOR
2 1 364 427 491 XOR
2 1 126 438 312 XOR
2 1 62 438 311 XOR
0 1 815 CONST_ONE
2 1 312 815 814 XOR
0 1 816 CONST_ZERO
2 1 311 312 817 BUFFER
2 1 816 814 818 BUFFER
2 1 817 818 313 JOIN
2 1 313 438 439 XOR
2 1 376 439 503 XOR
